$ANSIBLE_VAULT;1.1;AES256
35366262613365343738343139366532303664656630643165636365653464326331353738336638
3131346437366266633138373763646338646532636666350a373663663731393637326138313030
32366135373162306236303962363138646264373237323066366237373135326431633463383735
3936613363633261610a636662663431643436343866356163366561326135316366636437386134
62323436623231656634343537346336653638383939303861643463356131386539363166393332
61643039393366356630343930636333636232663332666435643731613834306565396337343663
61663831356238303161626232393534323766303432393062393030333465613638383339326565
38326538646238343763343035633462316134393433653564356463323537633737626135383361
34653933613139626661353336613634333563666430343038623061666631343764626238663837
65623133376534323533333864333439366266616135376532303632303765613736316535393663
30653864656662393865373439326666336238393730633931346230383139643937363062306231
61386566393031316162666465643665303363663539303366623061366431613832353832396130
65643762656534386633373462313162663962656565646534616162303433383634343865666261
37626431316136396463333339343035323139613964383438383936323734356137303566363637
32326338386261666261313862333763363262366363656139633332626164363931363436336666
36613637356438343063616165656639336333633038313736306261346431333436643532373335
30313330336466666437636233313366393862313333306338333738316638613361
